-0.01731394245613315
0.024332511559506057
0.021950102106904346
0.02768957639004022
0.032222059493719354
0.04410346299203387
0.06831134097462754
0.07234335990066366
0.07554870249598696
0.09923039533964141
0.09978733816792222
0.09119967914181062
0.1154690688179341
0.10638756623025318
0.15327957156537264
0.1708427070580337
0.1462825234728687
0.16612519224859043
0.17214920851054416
0.1791222647243657
0.1849033095161914
0.20841976019984457
0.21763617721204673
0.2241840580852568
0.25826608162108167
0.2389766394606023
0.2575674165957599
0.261740035175793
0.2752822942033033
0.2861913046660364
0.2844881192813983
0.29388271382241976
0.32208278883658803
0.32054792558905687
0.3239423775921427
0.33875859117251683
0.35496431949291696
0.358764129003572
0.37820948051668424
0.3722775362763171
0.3981562006814685
0.40587859910198915
0.40756573820072745
0.39601563507151694
0.4283433770126506
0.445053250673586
0.43647866323178824
0.4712948817634104
0.46293679224477335
0.4611975883151373
